66.17
70.68
73.12
72.11
0.8
70.16
22.16
56.66
7.01
26.74
83.69
29.09
32.31
40.01
51.96
15.49
41.31
65.22
54.09
91.66
52.65
65.8
48.04
31.56
73.56
43.68
49.69
59.09
78.94
80.21
72.29
94.54
29.06
92.49
20.51
19.87
86.35
43.78
10.67
66.23
3.64
27.12
46.17
78.54
38.76
54.32
59.67
77.56
43.28
15.04
63.46
70.95
99.62
36.8
63.89
29.09
6.26
99.82
24.19
88.86
81.55
88.52
73.05
72.5
1.06
52.59
79.94
43.85
2.25
64.14
83.3
19.98
50.98
84.79
2.28
89.87
65.26
69.43
11.35
42.55
9.51
48.62
70.32
26.85
24.93
85.62
83.42
51.62
46.83
97.56
96.57
52.38
88.58
34.22
59.96
57.78
2.63
64.26
25.96
5.77
41.99
18.84
68.42
72.03
40.15
33.17
16.8
43.45
33.09
1.34
64.81
3.02
50.5
55.53
7
90.49
33.2
83.5
13.49
51.52
31.83
12.77
16.8
82.2
45.76
26.74
85.1
75
57.84
85.88
86.26
58.53
30.68
16.48
97.58
24.92
63.09
9.9
89.59
81.39
65.14
67.85
32.47
84.01
25.99
92.19
45.15
54.96
86.74
93.43
53.8
57.97
57.41
8.86
98.16
95.72
20.98
60.32
50.29
70.99
87.01
12.88
91.97
1.23
2.23
70.07
85.69
71.07
85.06
78.23
88.83
33.94
3.03
5.28
40.97
69.83
64.82
79.04
53.45
86.72
0.26
96.54
68.84
99.76
35.66
99.59
80.73
60.11
57.13
65.52
14.4
46.74
36.74
0.96
93.85
21.1
42.06
6.02
86.95
76.7