68
31
15
42
54
21
30
17
76
34
52
49
45
29
62
66
75
24
43
35
43
32
66
44
76
52
80
44
62
60
66
12
31
45
53
15
38
11
50
54
86
64
68
67
41
59
60
42
45
70
71
57
51
53
27
43
49
59
64
54
73
59
19
68
38
54
21
17
48
91
76
69
64
28
34
46
40
54
44
45
70
36
66
58
22
85
36
55
68
74
49
29
57
24
44
43
24
30
65
51
60
79
46
38
63
41
67
27
53
12
46
34
36
78
26
64
61
59
52
27
52
48
32
44
45
21
54
77
69
83
61
33
38
61
46
33
52
61
71
55
46
24
94
47
39
47
37
50
51
10
18
10
63
99
78
70
78
55
66
49
65
54
64
21
28
53
23
38
66
46
81
48
33
22
28
23
39
65
10
74
27
27
39
59
40
67
55
31
46
71
67
36
50
81
40
16
45
30
36
50